011111101010000111110111011111101010000111110111011111101010000111110111011111101010000111110111011111101010000111110111011111101010000111110111011111101010000111110111011111101010000111110111011111101010000111110111011111101010000111110111
011111101010000111110111011111101010000111110111011111101010000111110111011111101010000111110111011111101010000111110111011111101010000111110111011111101010000111110111011111101010000111110111011111101010000111110111011111101010000111110111
011111101010000111110111011111101010000111110111011111101010000111110111011111101010000111110111011111101010000111110111011111101010000111110111011111101010000111110111011111101010000111110111011111101010000111110111011111101010000111110111
011111101010000111110111011111101010000111110111011111101010000111110111011111101010000111110111011111101010000111110111011111101010000111110111011111101010000111110111011111101010000111110111011111101010000111110111011111101010000111110111
011111101010000111110111011111101010000111110111011111101010000111110111011111101010000111110111011111101010000111110111011111101010000111110111011111101010000111110111011111101010000111110111011111101010000111110111011111101010000111110111
011111101010000111110111011111101010000111110111011111101010000111110111011111101010000111110111011111101010000111110111011111101010000111110111011111101010000111110111011111101010000111110111011111101010000111110111011111101010000111110111
011111101010000111110111011111101010000111110111011111101010000111110111011111101010000111110111011111101010000111110111011111101010000111110111011111101010000111110111011111101010000111110111011111101010000111110111011111101010000111110111
011111101010000111110111011111101010000111110111011111101010000111110111011111101010000111110111011111101010000111110111011111101010000111110111011111101010000111110111011111101010000111110111011111101010000111110111011111101010000111110111
011111101010000111110111011111101010000111110111011111101010000111110111011111101010000111110111011111101010000111110111011111101010000111110111011111101010000111110111011111101010000111110111011111101010000111110111011111101010000111110111
01111110101000011111011101111110101000011111011101110000111110111011111101010000111110111011111101010000111110111011111101010000111110111011111101010000111110111011111101010000111110111011111101010000111110111011111101010000111110111011111101010000111110111011111101010000111110111
011111101010000111110111011111101010000111110111011111101010000111110111011111101010000111110111011111101010000111110111011111101010000111110111011111101010000111110111011111101010000111110111011111101010000111110111011111101010000111110111
011111101010000111110111011111101010000111110111011111101010000111110111011111101010000111110111011111101010000111110111011111101010000111110111011111101010000111110111011111101010000111110111011111101010000111110111011111101010000111110111
011111101010000111110111011111101010000111110111011111101010000111110111011111101010000111110111011111101010000111110111011111101010000111110111011111101010000111110111011111101010000111110111011111101010000111110111011111101010000111110111
011111101010000111110111011111101010000111110111011111101010000111110111011111101010000111110111011111101010000111110111011111101010000111110111011111101010000111110111011111101010000111110111011111101010000111110111011111101010000111110111
011111101010000111110111011111101010000111110111011111101010000111110111011111101010000111110111011111101010000111110111011111101010000111110111011111101010000111110111011111101010000111110111011111101010000111110111011111101010000111110111
011111101010000111110111011111101010000111110111011111101010000111110111011111101010000111110111011111101010000111110111011111101010000111110111011111101010000111110111011111101010000111110111011111101010000111110111011111101010000111110111
011111111101010000111110111011111101010000111110111011111101010000111110111011111101010000111110111011111101010000111110111011111101010000111110111011111101010000111110111011111101010000111110111011111101010000111110111011111101010000111110111
011111101010000111110111011111101010000111110111011111101010000111110111011111101010000111110111011111101010000111110111011111101010000111110111011111101010000111110111011111101010000111110111011111101010000111110111011111101010000111110111
011111101010000111110111011111101010000111110111011111101010000111110111011111101010000111110111011111101010000111110111011111101010000111110111011111101010000111110111011111101010000111110111011111101010000111110111011111101010000111110111
011111101010000111110111011111101010000111110111011111101010000111110111011111101010000111110111011111101010000111110111011111101010000111110111011111101010000111110111011111101010000111110111011111101010000111110111011111101010000111110111
011111101010000111110111011111101010000111110111011111101010000111110111011111101010000111110111011111101010000111110111011111101010000111110111011111101010000111110111011111101010000111110111011111101010000111110111011111101010000111110111
011111101010000111110111011111101010000111110111011111101010000111110111011111101010000111110111011111101010000111110111011111101010000111110111011111101010000111110111011111101010000111110111011111101010000111110111011111101010000111110111
01111111101010000111110111011111101010000111110111011111101010000111110111011111101010000111110111011111101010000111110111011111101010000111110111011111101010000111110111011111101010000111110111011111101010000111110111011111101010000111110111
011111101010000111110111011111101010000111110111011111101010000111110111011111101010000111110111011111101010000111110111011111101010000111110111011111101010000111110111011111101010000111110111011111101010000111110111011111101010000111110111
011111101010000111110111011111101010000111110111011111101010000111110111011111101010000111110111011111101010000111110111011111101010000111110111011111101010000111110111011111101010000111110111011111101010000111110111011111101010000111110111
011111101010000111110111011111101010000111110111011111101010000111110111011111101010000111110111011111101010000111110111011111101010000111110111011111101010000111110111011111101010000111110111011111101010000111110111011111101010000111110111
01111110101000011111011101111110101000011111011101111110101010000111110111011111101010000111110111011111101010000111110111011111101010000111110111011111101010000111110111011111101010000111110111011111101010000111110111011111101010000111110111011111101010000111110111
01111110101000000111110111011111101010000111110111011111101010000111110111011111101010000111110111011111101010000111110111011111101010000111110111011111101010000111110111011111101010000111110111011111101010000111110111011111101010000111110111
01111110101000011111011101111110101000011111011101111110101010000111110111011111101010000111110111011111101010000111110111011111101010000111110111011111101010000111110111011111101010000111110111011111101010000111110111011111101010000111110111011111101010000111110111
011111101010000111110111011111101010000111110111011111101010000111110111011111101010000111110111011111101010000111110111011111101010000111110111011111101010000111110111011111101010000111110111011111101010000111110111011111101010000111110111
011111101010010000111110111011111101010000111110111011111101010000111110111011111101010000111110111011111101010000111110111011111101010000111110111011111101010000111110111011111101010000111110111011111101010000111110111011111101010000111110111
01111110101000011111011101111110101000011111011101111110101010000111110111011111101010000111110111011111101010000111110111011111101010000111110111011111101010000111110111011111101010000111110111011111101010000111110111011111101010000111110111011111101010000111110111
011111101010000111110111011111101010000111110111011111101010000111110111011111101010000111110111011111101010000111110111011111101010000111110111011111101010000111110111011111101010000111110111011111101010000111110111011111101010000111110111
011111101010000111110111011111101010000111110111011111101010000111110111011111101010000111110111011111101010000111110111011111101010000111110111011111101010000111110111011111101010000111110111011111101010000111110111011111101010000111110111
011111101010000111110111011111101010000111110111011111101010000111110111011111101010000111110111011111101010000111110111011111101010000111110111011111101010000111110111011111101010000111110111011111101010000111110111011111101010000111110111
011111101010000111110111011111101010000111110111011111101010000111110111011111101010000111110111011111101010000111110111011111101010000111110111011111101010000111110111011111101010000111110111011111101010000111110111011111101010000111110111
011111101010000111110111011111101010000111110111011111101010000111110111011111101010000111110111011111101010000111110111011111101010000111110111011111101010000111110111011111101010000111110111011111101010000111110111011111101010000111110111
011111101010000111110111011111101010000111110111011111101010000111110111011111101010000111110111011111101010000111110111011111101010000111110111011111101010000111110111011111101010000111110111011111101010000111110111011111101010000111110111
011111101010000111110111011111101010000111110111011111101010000111110111011111101010000111110111011111101010000111110111011111101010000111110111011111101010000111110111011111101010000111110111011111101010000111110111011111101010000111110111
011111101010000111110111011111101010000111110111011111101010000111110111011111101010000111110111011111101010000111110111011111101010000111110111011111101010000111110111011111101010000111110111011111101010000111110111011111101010000111110111
011111101010000111110111011111101010000111110111011111101010000111110111011111101010000111110111011111101010000111110111011111101010000111110111011111101010000111110111011111101010000111110111011111101010000111110111011111101010000111110111
011111101010000111110111011111101010000111110111011111101010000111110111011111101010000111110111011111101010000111110111011111101010000111110111011111101010000111110111011111101010000111110111011111101010000111110111011111101010000111110111
011111101010000111110111011111101010000111110111011111101010000111110111011111101010000111110111011111101010000111110111011111101010000111110111011111101010000111110111011111101010000111110111011111101010000111110111011111101010000111110111
011111101010000111110111011111101010000111110111011111101010000111110111011111101010000111110111011111101010000111110111011111101010000111110111011111101010000111110111011111101010000111110111011111101010000111110111011111101010000111110111
011111101010000111110111011111101010000111110111011111101010000111110111011111101010000111110111011111101010000111110111011111101010000111110111011111101010000111110111011111101010000111110111011111101010000111110111011111101010000111110111
011111101010000111110111011111101010000111110111011111101010000111110111011111101010000111110111011111101010000111110111011111101010000111110111011111101010000111110111011111101010000111110111011111101010000111110111011111101010000111110111
011111101010000111110111011111101010000111110111011111101010000111110111011111101010000111110111011111101010000111110111011111101010000111110111011111101010000111110111011111101010000111110111011111101010000111110111011111101010000111110111
011111101010000111110111011111101010000111110111011111101010000111110111011111101010000111110111011111101010000111110111011111101010000111110111011111101010000111110111011111101010000111110111011111101010000111110111011111101010000111110111
011111101010000111110111011111101010000111110111011111101010000111110111011111101010000111110111011111101010000111110111011111101010000111110111011111101010000111110111011111101010000111110111011111101010000111110111011111101010000111110111
011111101010000111110111011111101010000111110111011111101010000111110111011111101010000111110111011111101010000111110111011111101010000111110111011111101010000111110111011111101010000111110111011111101010000111110111011111101010000111110111
011111101010000111110111011111101010000111110111011111101010000111110111011111101010000111110111011111101010000111110111011111101010000111110111011111101010000111110111011111101010000111110111011111101010000111110111011111101010000111110111
011111101010000111110111011111101010000111110111011111101010000111110111011111101010000111110111011111101010000111110111011111101010000111110111011111101010000111110111011111101010000111110111011111101010000111110111011111101010000111110111
011111101010000111110111011111101010000111110111011111101010000111110111011111101010000111110111011111101010000111110111011111101010000111110111011111101010000111110111011111101010000111110111011111101010000111110111011111101010000111110111